2.97872929682,-12.0072068268
3.98789167648,-12.1389432894
5.01312480841,-12.2726885629
6.02311963165,-12.4040056712
7.05070515582,-12.5625053992
8.03402407213,-12.7578837851
9.05223452651,-13.0003549524
10.0625130729,-13.3188555428
11.0235458667,-13.6801688039
11.9559371726,-14.0676143438
12.9168841242,-14.5188256151
13.8085322936,-14.985089716
14.7216037976,-15.5134506698
15.6125593957,-16.0456617726
16.4850617188,-16.6114559054
17.3112251582,-17.1970898112
18.1466351106,-17.7915946995
18.9823504465,-18.3989635185
19.758786334,-19.0535202981
20.4671194505,-19.7722140402
21.1449849597,-20.540293856
21.8097310567,-21.2943205944
22.4902560222,-22.0685251113
23.0986006148,-22.8759077394
23.6128364816,-23.7762933458
24.0673862078,-24.7028995427
24.4620195902,-25.6462200351
24.8119601918,-26.6296919241
25.0948637538,-27.5979922951
25.3332968545,-28.6734430524
25.5118547609,-29.6951615871
25.6969364596,-30.7807019126
25.878671521,-31.8662816153
26.0371105216,-32.8862470901
26.1752563352,-33.9267913492
26.3201871812,-35.0353508345
26.4447366884,-36.0294399188
26.5606700034,-37.0249764264
26.6767476726,-38.0231562747
26.7961511974,-39.0494133456
26.9024481499,-40.0698826585
27.0043822297,-41.1164483432
27.0993165865,-42.1237547091
27.1906890575,-43.2231494616
27.277096496,-44.2848973707
27.3603988144,-45.3802074322
27.43235635,-46.4720254397
27.5031861525,-47.5593270577
27.5737364063,-48.6426573553
27.6399410058,-49.6591241408
27.710082182,-50.7362335772
27.782132249,-51.8423395414
27.8476653991,-52.8529021007
27.9118740167,-54.0011614753
27.9574050941,-55.0727769676
27.9876115818,-56.0818707632
28.0140182359,-57.192350823
28.0380668717,-58.2184281535
28.0628727245,-59.2725993192
28.0865992554,-60.2843052168
28.1113312524,-61.3374052593
28.1369691517,-62.4270804291
28.1626861609,-63.5184593095
28.1892391082,-64.6473859647
28.2144524279,-65.721514139
28.2403604617,-66.8249641196
28.2642818374,-67.8463614595
28.2929948342,-69.0803587409
28.3170070915,-70.1144077747
28.3443627081,-71.2881850285
28.368651337,-72.3376752859
28.3946957022,-73.461316356
28.4185561878,-74.4937153744
28.4453164423,-75.6505586997
28.4698187421,-76.7109861034
28.4958535049,-77.8414429093
28.5196397702,-78.8706915952
28.5448180781,-79.9630293673
28.5690320001,-81.0117964371
28.5949905901,-82.1378082302
28.621459324,-83.2860085986
28.6456022822,-84.3346630153
28.670118374,-85.404290516
28.6964569124,-86.553759719
28.7245956234,-87.7821385052
28.7502417517,-88.8986687701
28.7745473826,-89.9615314546
28.8020872082,-91.1651533234
28.8268735056,-92.2444015119
28.8516856675,-93.3290133928
28.8766913277,-94.4202030009
28.9049918134,-95.6561079784
28.9286645622,-96.6943542935
28.9560383002,-97.8887168849
28.9818427673,-99.021222755
29.0095018656,-100.233053063
29.0342043242,-101.31600385
29.0571394169,-102.326137862
29.0800488387,-103.335096618
29.1044744706,-104.415622439
29.132379125,-105.644149711
29.1553387006,-106.659302973
29.1832312685,-107.89904581
29.2115633723,-109.153323549
29.2363488127,-110.255962089
29.2628462662,-111.429212024
29.2858245984,-112.4509697
29.3136097794,-113.685911019
29.3412488619,-114.914156453
29.3655844332,-115.992223772
29.3939265386,-117.255253448
29.4214031791,-118.474229346
29.4447063004,-119.493877423
29.4687609724,-120.536632766
29.4942030064,-121.635724751
29.5189662701,-122.706720645
29.5436867497,-123.771940482
29.5674023373,-124.797539706
29.5941183062,-125.9550512
29.618573056,-127.011967566
29.6433141412,-128.086806659
29.6706871211,-129.274004652
29.6980785313,-130.467094057
29.7230449198,-131.551814772
29.7478691951,-132.629073922
29.7737832751,-133.754740196
29.7968148546,-134.757943458
29.8213744762,-135.833379872
29.8483324436,-137.000688111
29.8739039513,-138.105415152
29.8993681802,-139.202220982
29.9234971018,-140.244850378
29.947841937,-141.292005738
29.9722325619,-142.342388321
29.9967966107,-143.402595799
30.0203874728,-144.419245694
30.0463955066,-145.543581514
30.0702349404,-146.567311166
30.0938692966,-147.585961253
30.1187197028,-148.652869045
30.1448833611,-149.77944405
30.1687822265,-150.806079895
30.1952647754,-151.948971166
30.2220820084,-153.10079146
30.2463422476,-154.144160268
30.2703937972,-155.180102466
30.295498729,-156.26254191
30.3218063697,-157.391905571
30.3455414902,-158.41236674
30.37298034,-159.593501698
30.3976490225,-160.658209167
30.4221778098,-161.715873723
30.4470377715,-162.784343929
30.4704586969,-163.793266792
30.4950078463,-164.846955789
30.5193450288,-165.89244697
30.5435154844,-166.945382002
30.5683358903,-168.022624322
30.5897866414,-169.076008448
30.6023077639,-170.141758143
30.605317623,-171.166196412
30.5995564473,-172.18895685
30.5846374192,-173.205959164
30.5610702349,-174.222444679
30.5299754622,-175.276097307
30.4913492782,-176.300906717
30.4388726242,-177.416002648
30.3785288097,-178.513370314
30.3142112939,-179.529464465
30.2412934299,-180.540968701
30.155257914,-181.603354868
30.0643442948,-182.616189996
29.9582736989,-183.684623343
29.8425482029,-184.730324303
29.7043873179,-185.851198093
29.5602517154,-186.901549621
29.4052851131,-187.898263652
29.2059216079,-189.020287944
28.9985012927,-190.119704973
28.784984801,-191.177421273
28.5351774083,-192.292799459
28.2943992082,-193.268500569
28.0254755339,-194.293056641
27.7669965514,-195.273859349
27.5113476885,-196.244464228
27.2233407062,-197.300618083
26.9054244941,-198.276324486
26.5086094546,-199.296636496
26.1099453623,-200.232567943
25.6465298867,-201.239218221
25.2005920782,-202.146201917
24.7244219037,-203.055081686
24.2399049574,-203.930619304
23.6741257426,-204.898434176
23.1440020624,-205.771576349
22.6003235113,-206.657694947
22.0656129252,-207.526681311
21.5134384884,-208.421112476
20.983492393,-209.277687201
20.4239639897,-210.17967486
19.8883461257,-211.04100951
19.2874788855,-212.005652697
18.7387724725,-212.861144572
18.1474282396,-213.704886611
17.4109521599,-214.647059883
16.7228332219,-215.469714623
16.0674709972,-216.25308019
15.3609779336,-217.096962164
14.6393205836,-217.959271998
13.9204290012,-218.818563178
13.2002481096,-219.658301032
12.4829256123,-220.428744389
11.7502739683,-221.136145038
10.9524384547,-221.835400075
10.0760755152,-222.583423246
9.31394090847,-223.233845912
8.50066384914,-223.927989905
7.59530347846,-224.700241163
6.72896175815,-225.418647129
5.92825211242,-226.037508955
5.00314728628,-226.735717993
4.14444759368,-227.349189411
3.25871582714,-227.940564341
2.38838676749,-228.483210115
1.49920650815,-229.027815598
0.63487878329,-229.539641688
-0.347372979192,-230.08272385
-1.26380807673,-230.552880382
-2.20358088937,-231.02016108
-3.25453549012,-231.523204649
-4.2175296984,-231.934685557
-5.33030155222,-232.365222793
-6.35558215298,-232.747991574
-7.51042413182,-233.166886824
-8.5619539919,-233.539411147
-9.66091348945,-233.918425968
-10.646054121,-234.241277227
-11.6562404083,-234.545188828
-12.6538505134,-234.822599358
-13.709833963,-235.090700226
-14.8272906338,-235.363634478
-15.8651914069,-235.616952602
-16.986125275,-235.890106143
-17.9772086587,-236.131310672
-18.9502625873,-236.36764594
-20.0119644908,-236.619275471
-21.1480198577,-236.869553618
-22.1629988205,-237.09328409
-23.1497693639,-237.31080307
-24.2010693976,-237.542533315
-25.2943192248,-237.781807579
-26.4198451924,-238.019961075
-27.4457788547,-238.227761432
-28.5019003796,-238.438889153
-29.5866880423,-238.648466566
-30.7420051547,-238.828138729
-31.8486977486,-238.947771545
-33.0210872074,-239.054433804
-34.0562948013,-239.140603191
-35.0615550287,-239.217444139
-36.1574168711,-239.293217934
-37.2233384097,-239.349800256
-38.3077577692,-239.383145125
-39.397301056,-239.391955708
-40.4137484826,-239.378367148
-41.5855339644,-239.336719462
-42.7455583927,-239.268321968
-43.7536234351,-239.201467951
-44.8028320306,-239.130440538
-45.8675304594,-239.038962921
-46.8612161891,-238.895963055
-47.8618288592,-238.687587799
-48.9030114293,-238.41812153
-50.0247329445,-238.074973582
-50.9990635033,-237.734875372
-51.959551607,-237.383465619
-53.0816383819,-236.962140178
-54.1577670714,-236.548298753
-55.1493065298,-236.156430291
-56.1534448689,-235.753601789
-57.1049497309,-235.371309655
-58.0585919952,-234.98828378
-59.0556388678,-234.588309597
-60.0137440441,-234.203659045
-60.9739458138,-233.818441661
-61.9677644918,-233.419564478
-62.9784396033,-233.016801996
-63.9956568801,-232.615671548
-64.9731584535,-232.219060692
-65.9859158597,-231.800048432
-66.9807921399,-231.388402038
-68.0100430407,-230.96268658
-68.9816116673,-230.560485424
-69.9827264793,-230.146437876
-70.9337957642,-229.753592531
-71.8609236593,-229.372537176
-72.8534159116,-228.972255333
-73.855393948,-228.571529051
-74.8353128919,-228.185055752
-75.8010275594,-227.814787648
-76.7513066099,-227.460295306
-77.7364434174,-227.098097422
-78.7852737274,-226.763827398
-79.7745086766,-226.483769288
-80.7516745261,-226.225114433
-81.7327468317,-225.994181374
-82.8254579428,-225.767196005
-83.8453932478,-225.577339111
-84.8414632323,-225.431445391
-85.8484857941,-225.312848937
-86.8626248088,-225.199737706
-87.8920320902,-225.101164775
-88.9064129906,-225.01315965
-89.9919708804,-224.931165197
-91.0487946382,-224.875999378
-92.0981958514,-224.835479565
-93.1488445537,-224.842332744
-94.2078768443,-224.88793265
-95.261588809,-224.933898721
-96.4141733861,-224.988675828
-97.4200078813,-225.046511052
-98.5329698995,-225.118346317
-99.6465779,-225.231398562
-100.673141222,-225.354609392
-101.703724492,-225.478387477
-102.751708843,-225.612242397
-103.749945431,-225.749540543
-104.76804893,-225.889472911
-105.791789848,-226.029615415
-106.824922311,-226.172262596
-107.846480847,-226.313353453
-108.923978792,-226.46213173
-109.958227581,-226.604917809
-110.972284075,-226.742948691
-111.970495162,-226.881862925
-113.053616297,-227.032657528
-114.057748102,-227.172356654
-115.066296386,-227.312678926
-116.162257008,-227.465299504
-117.176490107,-227.606537763
-118.2739511,-227.760388493
-119.278260951,-227.91715428
-120.339413065,-228.083834683
-121.402239249,-228.250514074
-122.467303009,-228.417745694
-123.565210359,-228.590068637
-124.582680769,-228.749688998
-125.575553204,-228.903497863
-126.685843709,-229.075408329
-127.713368637,-229.234465633
-128.799076058,-229.402670806
-129.826415448,-229.563072576
-130.844078357,-229.737253837
-131.833490998,-229.906695597
-132.824575416,-230.076445481
-133.818398257,-230.246535722
-134.867092738,-230.426156733
-135.890760976,-230.601505442
-136.916803534,-230.777303718
-137.942676431,-230.952970281
-138.943146136,-231.124269644
-139.945461416,-231.295945253
-140.949945989,-231.468001552
-142.070559319,-231.659929933
-143.106335806,-231.837497084
-144.112310236,-232.009428777
-145.118867067,-232.181919584
-146.128076532,-232.354777634
-147.13603497,-232.527473614
-148.233072576,-232.715335841
-149.27426757,-232.893656121
-150.346083772,-233.077314549
-151.331869528,-233.246243702
-152.347592701,-233.420405593
-153.365011205,-233.594809609
-154.409959814,-233.773684722
-155.397272054,-233.942940886
-156.473538279,-234.126369996
-157.574995577,-234.30729663
-158.585536765,-234.464779836
-159.580054577,-234.599236102
-160.59970142,-234.721731805
-161.696837213,-234.842344084
-162.759201362,-234.949972478
-163.764930054,-235.041780247
-164.882436561,-235.137972375
-166.003745642,-235.232556468
-167.016189672,-235.317694638
-168.116590283,-235.395710686
-169.136426894,-235.45677754
-170.157126087,-235.507042517
-171.211112598,-235.529960189
-172.241356325,-235.535217591
-173.245790486,-235.538214646
-174.337358891,-235.537880917
-175.337076827,-235.492094192
-176.35851147,-235.395380704
-177.355756952,-235.22473508
-178.335001134,-234.954023556
-179.377646879,-234.58258973
-180.336042809,-234.152016926
-181.320476274,-233.663926085
-182.17960111,-233.137205226
-183.014314829,-232.515990773
-183.81099659,-231.744877141
-184.489043637,-230.928950976
-185.039509675,-230.08137856
-185.519385809,-229.093401067
-185.92115264,-228.061624433
-186.231628075,-227.085444613
-186.476392563,-226.006829318
-186.614528781,-224.989304198
-186.715140918,-223.90968541
-186.755741461,-222.890824656
-186.763458798,-221.813268596
-186.749957928,-220.766906331
-186.706057721,-219.685864347
-186.66435629,-218.668291478
-186.622255012,-217.639939867
-186.580739887,-216.627427845
-186.536592901,-215.553002982
-186.493181181,-214.496052917
-186.44919198,-213.430354756
-186.40709002,-212.4103276
-186.365661348,-211.410597472
-186.321846683,-210.349654429
-186.275462431,-209.226812028
-186.230976516,-208.151961846
-186.188772124,-207.127198147
-186.147455972,-206.125027805
-186.103710063,-205.063270681
-186.06222627,-204.052941574
-186.01799207,-202.982022236
-185.975965443,-201.964941561
-185.930234536,-200.858197172
-185.883237351,-199.71859761
-185.840734796,-198.690233836
-185.799336431,-197.688911627
-185.757770255,-196.684089974
-185.71376639,-195.619676382
-185.672003915,-194.611101846
-185.626569614,-193.512469322
-185.583372373,-192.468353051
-185.541299572,-191.450289827
-185.499121184,-190.43018127
-185.455668143,-189.378219868
-185.409559561,-188.265286546
-185.36578848,-187.208313371
-185.324422908,-186.207896204
-185.282898073,-185.205339215
-185.238782548,-184.142413424
-185.194517028,-183.077283072
-185.152664406,-182.069551399
-185.099976407,-181.064947616
-185.04002833,-180.029208498
-184.981689417,-179.021165045
-184.919792498,-177.951909868
-184.8498555,-176.913521149
-184.775624804,-175.843375958
-184.69923225,-174.741586407
-184.628914625,-173.727487948
-184.55847719,-172.711887966
-184.485879424,-171.664913586
-184.411096448,-170.586504647
-184.340365574,-169.566649164
-184.267473241,-168.515480616
-184.194489396,-167.463033127
-184.117245641,-166.349117472
-184.046354314,-165.326529717
-183.975425694,-164.303786472
-183.90231562,-163.24977705
-183.829350721,-162.197697181
-183.756270284,-161.144630815
-183.672913561,-160.128554283
-183.572923745,-159.054299475
-183.472780291,-157.978475499
-183.378078101,-156.96104363
-183.283250255,-155.942337724
-183.18272497,-154.862367607
-183.084961167,-153.812179297
-182.986984872,-152.761037504
-182.865254721,-151.66200655
-182.717352316,-150.590539043
-182.544095488,-149.529062361
-182.37971806,-148.522076053
-182.215017805,-147.513330337
-182.050456765,-146.506004557
-181.872010349,-145.414970135
-181.703197475,-144.383251875
-181.534219961,-143.352384975
-181.368891741,-142.355283042
-181.19127566,-141.36200578
-181.008249903,-140.337119074
-180.816053849,-139.25173223
-180.638421605,-138.249026301
-180.460248789,-137.243562439
-180.28163423,-136.235452582
-180.105111483,-135.224614525
-179.930569052,-134.210949846
-179.760669043,-133.224007026
-179.585386649,-132.205836648
-179.409652506,-131.185550406
-179.223628496,-130.104705217
-179.052264997,-129.110236478
-178.875563079,-128.084899399
-178.698452284,-127.057794124
-178.516099516,-126.000189404
-178.343676622,-124.999616506
-178.17098474,-123.997905292
-177.99323018,-122.96565002
-177.810097794,-121.902357553
-177.631865951,-120.867561192
-177.438217341,-119.743286346
-177.249556195,-118.647939703
-177.075913378,-117.6404793
-176.892301551,-116.574469557
-176.718667629,-115.566660173
-176.534873353,-114.498946163
-176.361038283,-113.489920373
-176.177445832,-112.423662691
-176.005928852,-111.419612989
-175.838027167,-110.416426112
-175.66757707,-109.359081255
-175.492943523,-108.275636008
-175.332293675,-107.279278189
-175.171553494,-106.28241344
-175.006537722,-105.258044077
-174.834371276,-104.175430111
-174.67297388,-103.147886854
-174.511456166,-102.064707969
-174.344394813,-100.96046945
-174.17187712,-99.8646567357
-173.999528383,-98.789243372
-173.838115895,-97.7367213141
-173.681601505,-96.7022974396
-173.525933319,-95.6746736655
-173.365178142,-94.5998118963
-173.211679665,-93.5577803607
-173.057322481,-92.5092068001
-172.902340101,-91.456531329
-172.74265802,-90.3737933632
-172.578290706,-89.2584353178
-172.417326601,-88.1661301729
-172.263989419,-87.1253061478
-172.10184105,-86.0244659088
-171.951529282,-85.0042866319
-171.792320867,-83.923465873
-171.640935431,-82.8959670652
-171.493305532,-81.8938141048
-171.340984861,-80.8598924808
-171.192449397,-79.8517830393
-171.030739244,-78.7541523956
-170.881399533,-77.7404382645
-170.727414892,-76.6949907778
-170.58243037,-75.6572654243
-170.452374395,-74.6529007433
-170.311008227,-73.5606678546
-170.180974932,-72.5554994682
-170.055476813,-71.5279316737
-169.935737533,-70.5269864242
-169.815683633,-69.5234423997
-169.685026336,-68.4311243969
-169.560832958,-67.3930330167
-169.432903142,-66.3244150204
-169.301233153,-65.2246807622
-169.176126158,-64.179879521
-169.054386542,-63.1621700043
-168.918347418,-62.0255212279
-168.792439385,-60.9736613047
-168.673270176,-59.9780182026
-168.543429982,-58.8934461803
-168.42444328,-57.8996508661
-168.305214546,-56.9039715273
-168.182457551,-55.8790285131
-168.052975682,-54.7975860135
-167.933735686,-53.8016323024
-167.814373303,-52.8048203818
-167.687736336,-51.7472301544
-167.56436857,-50.7172836156
-167.444457575,-49.71668843
-167.320767065,-48.6848772416
-167.193336749,-47.621901092
-167.069575106,-46.5877385339
-166.966137216,-45.5924631056
-166.863822537,-44.5432567441
-166.796056923,-43.442759439
-166.72949741,-42.3690083219
-166.666414948,-41.3521448577
-166.603159552,-40.3325031768
-166.53987316,-39.3124454522
-166.469248342,-38.1745972726
-166.40382859,-37.1224072137
-166.338330565,-36.068564423
-166.274562598,-35.0432189964
-166.20698102,-33.9570921683
-166.141199309,-32.9002581623
-166.07729238,-31.874524458
-166.011650764,-30.821171274
-165.947801845,-29.797829281
-165.884402342,-28.7791776882
-165.81565064,-27.6741196929
-165.750831721,-26.6285368747
-165.684291291,-25.5548575894
-165.621213153,-24.5364220248
-165.551006905,-23.4024051777
-165.482441896,-22.2949378522
-165.417310233,-21.2437613244
-165.35205038,-20.1903914195
-165.286636992,-19.1344110875
-165.223139922,-18.1072456453
-165.15540535,-17.0190655365
-165.091141125,-15.9584325662
-165.030576508,-14.9258990016
-164.974855209,-13.9216610456
-164.915758868,-12.8267204114
-164.859759454,-11.7889170704
-164.8052498,-10.7789478827
-164.747486023,-9.70937247457
-164.691447229,-8.6699526957
-164.636815347,-7.65849191652
-164.578999437,-6.58892840084
-164.524568549,-5.58017657453
-164.466742484,-4.51109057507
-164.410064643,-3.44679949819
-164.35190915,-2.3292271203
-164.302114958,-1.32888258712
-164.249735416,-0.217497542408
-164.206168144,0.802805152269
-164.157405181,1.94175387067
-164.109853617,3.05257788227
-164.065113577,4.10095706021
-164.018204845,5.2047709166
-163.971387884,6.30425378833
-163.927155472,7.34268010919
-163.884413479,8.35024684903
-163.840560414,9.38421275039
-163.794224647,10.4781956093
-163.750068291,11.51637696
-163.705926714,12.5564015283
-163.659267754,13.6571842636
-163.616086459,14.672965707
-163.572833001,15.6916256599
-163.52827313,16.7416154732
-163.48115618,17.8519316519
-163.435149985,18.934350245
-163.389403866,20.0173210349
-163.343287764,21.1021462574
-163.296034694,22.2175026527
-163.24854762,23.3334632537
-163.202107996,24.4227164833
-163.156987829,25.4845539771
-163.111538808,26.5479878399
-163.067379952,27.584014725
-163.038609382,28.5849652421
-163.016245422,29.6461557363
-163.032546107,30.7881853195
-163.058939055,31.8152820354
-163.084652558,32.8163896453
-163.111840087,33.8757816725
-163.140423082,34.9929061894
-163.166950319,36.0261943027
-163.193535296,37.0584469902
-163.220098384,38.0923552412
-163.246152446,39.1009453477
-163.272804373,40.1384407627
-163.301129405,41.2363077345
-163.327980262,42.2797613797
-163.354171104,43.2972284146
-163.380429684,44.3175260554
-163.406793149,45.3402242892
-163.436242853,46.4820490316
-163.463492656,47.538788822
-163.490839242,48.597463611
-163.516791306,49.5994312586
-163.545163064,50.6913916341
-163.571383636,51.6966469539
-163.597640865,52.7038668752
-163.62397964,53.7122910299
-163.651132812,54.7522432508
-163.673931171,55.7620094548
-163.685857798,56.7709429092
-163.691672811,57.7781074686
-163.692518943,58.8441276537
-163.69137407,59.9083566135
-163.679858312,61.0001347233
-163.66883236,62.0022582735
-163.643151696,63.1145777626
-163.615951122,64.2581059053
-163.578153505,65.3034859236
-163.525072749,66.3952087201
-163.454644912,67.4247372987
-163.376910407,68.4477257805
-163.272434802,69.5208942296
-163.167366133,70.5974480451
-163.067639057,71.6198306611
-162.967882744,72.6419456407
-162.870637246,73.6387886797
-162.770399236,74.6660664846
-162.67298553,75.6641234978
-162.566306712,76.7501107018
-162.451880466,77.7453914544
-162.307178528,78.8460190711
-162.149352643,79.900376076
-161.956958739,80.9595882814
-161.758558246,82.0511599251
-161.557211083,83.0547776041
-161.34154873,84.0881812756
-161.119385881,85.1519361011
-160.891306635,86.2129060134
-160.653676532,87.2082749964
-160.408536819,88.2322230359
-160.143530686,89.3384315818
-159.878000344,90.4455756763
-159.605840532,91.5212686589
-159.324409143,92.5657528567
-158.974563924,93.6424469566
-158.577882435,94.7080092011
-158.20311018,95.6940561014
-157.796222329,96.7214583207
-157.345152611,97.7308336596
-156.875438012,98.7579129198
-156.38549955,99.6993449923
-155.834256627,100.63256391
-155.227970598,101.557209214
-154.600968382,102.50157505
-153.963036601,103.405713485
-153.326616592,104.274889717
-152.69454643,105.083589613
-152.065209469,105.864074957
-151.364602107,106.725501256
-150.645118174,107.569107028
-149.9485332,108.364696129
-149.19865773,109.181523168
-148.515989897,109.917477284
-147.758518049,110.731814177
-147.002741266,111.498350266
-146.198496848,112.292957848
-145.463094101,113.000415095
-144.708688687,113.683541997
-143.903745741,114.393489424
-143.128897439,115.058980588
-142.308642195,115.762918859
-141.483286301,116.466552106
-140.621106027,117.15974939
-139.78720325,117.788348082
-138.937430377,118.382754723
-138.089740207,118.918005557
-137.163381444,119.425125338
-136.247435875,119.861986697
-135.295640911,120.278154732
-134.298722038,120.629034284
-133.271946356,120.890938482
-132.281513058,121.100868465
-131.251629463,121.319414657
-130.182633217,121.546051879
-129.202103714,121.743554128
-128.215375418,121.91177613
-127.202001726,122.02820311
-126.094057156,122.0991176
-125.024627143,122.107848525
-123.976340242,122.053544902
-122.92745209,121.953817659
-121.870140237,121.818754004
-120.876974312,121.660126444
-119.886936418,121.416000027
-118.927332407,121.119314043
-117.913646317,120.773410871
-116.965949101,120.450348597
-115.989698263,120.118014106
-114.980155663,119.773701375
-114.041549418,119.428480684
-113.06728229,118.996726685
-112.175313907,118.489580766
-111.334839367,117.941633763
-110.482321591,117.348388507
-109.663616312,116.751083591
-108.86050182,116.12875179
-108.08231188,115.475665184
-107.294453064,114.784295397
-106.533996992,114.044607317
-105.802573447,113.314885728
-105.101541875,112.594264078
-104.421751353,111.854630968
-103.750949465,111.049034682
-103.128661158,110.240643519
-102.498606523,109.386761846
-101.927495542,108.558831326
-101.368890888,107.693651727
-100.853418893,106.827033505
-100.343786693,105.948531796
-99.8522290629,105.073451807
-99.3851018876,104.162924079
-98.9354520495,103.253716271
-98.5222244206,102.277381168
-98.1788020885,101.330891214
-97.883432466,100.353445371
-97.6225425319,99.3457997124
-97.4195275204,98.3452108081
-97.2580978868,97.3046378858
-97.1159775526,96.2937361071
-96.9764058644,95.3011310221
-96.8596196787,94.2442347111
-96.7578379739,93.2235722762
-96.6635522123,92.1791756327
-96.574096901,91.130843255
-96.4942292635,90.1286034732
-96.412491456,89.0962765409
-96.3280011754,88.0329856399
-96.2412565564,86.9408475896
-96.1598685091,85.9128795122
-96.0730727424,84.8167436385
-95.9919806859,83.7921127077
-95.9057406935,82.7017437456
-95.8199773267,81.6171733687
-95.7407330611,80.6144125746
-95.6565242232,79.5485783813
-95.5732434013,78.4942505641
-95.486998434,77.4019331582
-95.4018369447,76.3230827998
-95.3219956414,75.3112650437
-95.2393697176,74.2639711559
-95.1584255916,73.2376041242
-95.0726193505,72.1511213541
-94.9904167081,71.1095667474
-94.9098109259,70.0914040764
-94.8284433804,69.0663759533
-94.7486953432,68.0616949192
-94.6619082399,66.9685472624
-94.5767731718,65.8960476773
-94.4867271159,64.7617914386
-94.4028055697,63.7046400271
-94.3206815445,62.6701217562
-94.2404137784,61.6588722336
-94.1552876434,60.586660251
-94.0743343346,59.5670588634
-93.990603944,58.5148183467
-93.9110580651,57.5157385642
-93.831240216,56.5133795566
-93.7465420041,55.4498388959
-93.6592580927,54.3537861824
-93.5716938458,53.2541697597
-93.5044737086,52.1991997382
-93.4430857231,51.1710159357
-93.3935824004,50.0934563566
-93.3501537899,49.0161638009
-93.3100968758,47.9919909856
-93.2700338632,46.9648765786
-93.2263918496,45.8477900165
-93.1837995741,44.7587811117
-93.1409440064,43.6672308044
-93.0979488994,42.5724823641
-93.0585671932,41.5644973408
-93.0290007165,40.5096720958
-93.0081416014,39.4571136777
-92.9873071101,38.400628805
-92.9653537417,37.2826680976
-92.9449945316,36.2469119091
-92.9245387297,35.207681426
-92.9094892639,34.2029745108
-92.9228698098,33.1540129028
-92.9568257133,32.0973466914
-93.0034289734,31.0127637493
-93.0478415584,29.9784053594
-93.0912813544,28.9671985261
-93.1385706623,27.8666238294
-93.1824453685,26.84621536
-93.2264495695,25.8216846044
-93.2731080089,24.7359687434
-93.3174344482,23.7035335093
-93.3618658769,22.6686078431
-93.4088438776,21.5726483987
-93.4529859404,20.4741564288
-93.4853261326,19.4698484393
-93.4942698373,18.4186362517
-93.4554652956,17.3973374787
-93.3637307218,16.2868354263
-93.2603273154,15.2730775958
-93.1145021886,14.2611265953
-92.9200577202,13.2093446565
-92.7186682431,12.1237612833
-92.5160066769,11.0320752378
-92.3120760777,9.96557181868
-92.0875568383,8.90815655321
-91.8720179912,7.92971654924
-91.6093281102,6.86772689988
-91.2963825548,5.87438323624
-90.9584613426,4.85753409336
-90.6067294172,3.88390930119
-90.2269760383,2.93157131514
-89.8175614414,2.00102660784
-89.3787256303,1.09641707648
-88.8577360532,0.112029673183
-88.3237507536,-0.760632978003
-87.7291141917,-1.64597697359
-87.1041512503,-2.50199942894
-86.4429030764,-3.35208243233
-85.7585975739,-4.19299089619
-85.0488237338,-4.97579270437
-84.2803017992,-5.73262295804
-83.5121752818,-6.4008219421
-82.6964049833,-7.00021913569
-81.7866929624,-7.53594903465
-80.8999585394,-8.00323486843
-79.9849840346,-8.43412753534
-79.0291974998,-8.82982111217
-78.0840106277,-9.19583099503
-77.1357579074,-9.51442661852
-76.1310742896,-9.78390184394
-75.1353269965,-9.94655461996
-74.1177796619,-10.0518481066
-73.112317831,-10.145773036
-72.0575526829,-10.2443598928
-70.9951480706,-10.34360212
-69.959029568,-10.4402753367
-68.9223909446,-10.5355971138
-67.9100827937,-10.6119659518
-66.8775069384,-10.6913298283
-65.8246169849,-10.7722834105
-64.8097379286,-10.8356032255
-63.7341142993,-10.8976302497
-62.7111830674,-10.9482531453
-61.7094284621,-10.99312777
-60.6949507904,-11.0248897385
-59.6624765132,-11.0401205028
-58.6441381585,-11.0565481905
-57.5573098039,-11.0792193404
-56.5511928992,-11.0996676027
-55.5122436428,-11.1204829274
-54.4537673445,-11.1418367731
-53.4445599127,-11.162422172
-52.349474784,-11.1852664126
-51.2961848383,-11.207322899
-50.2701381793,-11.2287603555
-49.2258901046,-11.2505203699
-48.2046911914,-11.2691072235
-47.1989360033,-11.2866360297
-46.1914366235,-11.303932041
-45.1289072482,-11.3234328841
-44.0357238724,-11.3441431496
-42.9541014446,-11.3649550594
-41.9316697666,-11.3846289173
-40.8206586341,-11.4060457283
-39.7732973379,-11.4262053399
-38.7561809824,-11.4447831988
-37.7358951589,-11.4640106013
-36.7179100146,-11.4833534664
-35.6690193203,-11.504843274
-34.6214164579,-11.5262295321
-33.6157938323,-11.5466905266
-32.4958985263,-11.5698094803
-31.4710736176,-11.5908108722
-30.4634552064,-11.6115126456
-29.4626798529,-11.6309617369
-28.4344940369,-11.6513969287
-27.3579207843,-11.6725254516
-26.2772381932,-11.6953455243
-25.2525042003,-11.7170161786
-24.1660384788,-11.7401846157
-23.0974453454,-11.7629835728
-22.0751289487,-11.7849671293
-21.0730984745,-11.8061817501
-19.9975926125,-11.8280439097
